0: 258 219 331
1: 30 382 234 75
2: 78 72
3: 359 49 120
4: 114 42 61
5: 57 173
6: 186 574
7: 222 192
8: 346 576
9: 77 186 574
10: 286
11: 465 344 568 101
12: 300 316
13: 200 100 334 289 62
14: 197 438 21
15: 306 476 203 88
16: 245 98
17: 486 219 258 331
18: 373 48 346 576
19: 186 574
20: 468 345 261 205
21: 25 383 416
22: 348 199
23: 460
24: 312 552 474 481
25: 88 476 203 366
26: 496
27: 285 588
28: 435 461 522 442
29: 288
30: 381 408
31: 167 417 464 536
32: 17
33: 358 341 7 477
34: 141 351 360
35: 186
36: 121 532 71 196
37: 999
38: 171 587 547 175
39: 168 65 139
40: 387 267 369 180
41: 168 139
42: 385 575
43: 308
44: 198 220
45: 91
46: 249 69
47: 999
48: 313 371 45 260 104 142 475 43 422 109 201 307 566 105 412
49: 76 149
50: 303 373
51: 193 567
52: 525 81 282 273 415 325 33 327 321 157 443 500 520 290 14 419 159 230 405 403 301 529 111 425 189
53: 292 214
54: 366 203
55: 38
56: 259 439 262
57: 445 298 236
58: 458 18
59: 136 156
60: 203 366 306
61: 355
62: 206
63: 559 540
64: 564 395 174
65: 574
66: 476
67: 365
68: 501
69: 205 345 468
70: 166 50 115
71: 496 463 462
72: 35 426 518
73: 357 36
74: 170 224
75: 508 408
76: 318 218
77: 181 380 448 63 89 68 96 64 450 10 190 204 169 164 347
78: 146 426 182 518
79: 92 251
80: 221
81: 377 13 513
82: 322 103
83: 88 306 203
84: 463 496
85: 274 226 233
86: 285 108 379
87: 211 287 394
88: 392 490 179 299 550
89: 3 497 441
90: 544
91: 79 555 302 409
92: 463 462
93: 546 95
94: 393 147
95: 404
96: 559 22 286
97: 542 125 84 374
98: 121 71 532
99: 194 326
100: 478 206 494
101: 250
102: 236
103: 346 373 303
104: 472 4
105: 543 144 504
106: 479
107: 496
108: 153 178
109: 308
110: 203 366
111: 582
112: 212 288 531 107
113: 556 406 413 466
114: 97 575 355
115: 576 303 373
116: 233
117: 335 76 149
118: 211 394
119: 585 567
120: 76 335
121: 496 463
122: 165 194 326 338
123: 458
124: 430 1
125: 496
126: 417 167 505 536 464
127: 581
128: 144 372 367 504
129: 36 245
130: 72
131: 87 118 132
132: 246 211
133: 241 579 436
134: 69 249 363
135: 238 315
136: 88 366 203 476
137: 265 224
138: 579
139: 77 574 186
140: 435 461 522
141: 41
142: 509 73
143: 231 74 137
144: 511
145: 55
146: 574
147: 579
148: 373 576 48 346
149: 218 67 318
150: 429 489 185
151: 470
152: 203 476 366
153: 186
154: 289 334 62 100 200
155: 87 132
156: 366 203 306 88
157: 358 7 477
158: 999
159: 477
160: 574 186
161: 462 463 496
162: 300 561
163: 351
164: 395 562 564 174
165: 213 94 573
166: 346 576
167: 491
168: 77 574 186
169: 441 3
170: 47
171: 999
172: 3 497 268
173: 298
174: 580 424
175: 999
176: 360
177: 418 248 364
178: 77 574 186
179: 479
180: 999
181: 207 31
182: 77
183: 579
184: 152 60 156 136
185: 541 216 37 514
186: 539 347 309 63 10 329 380
187: 170 224
188: 165
189: 477 341 358
190: 562 564 395
191: 188 99
192: 476 203 306
193: 483 305 535 133
194: 94
195: 567 193
196: 462 496
197: 416
198: 257
199: 386
200: 478 494
201: 263 256 271
202: 253 116 85
203: 299 550 333 510 342 502 533 113
204: 207 244
205: 373 48 576
206: 203 476
207: 464 536 505 417
208: 420 498
209: 999
210: 547 175 171 356
211: 19
212: 463
213: 353 147 484 138
214: 999
215: 528 506 183
216: 999
217: 481 474 312
218: 209
219: 378 467
220: 461 442 522 257 435
221: 555 302
222: 203 306 88
223: 115 238 315
224: 292
225: 0
226: 579 241
227: 86 281
228: 574
229: 274 226
230: 519 13 513
231: 53 265 170
232: 418 248 364 5
233: 241 436
234: 508 381 408
235: 556 466
236: 48 303 373
237: 78 72 437
238: 346 576
239: 529 425 189 443 111 419 33 327 159 405 230 81 290 282 415 14 325 500 520 525
240: 461 435
241: 473 398 337 558 2 11 130 388 311 176 571 384 155
242: 262 538 259 439
243: 266
244: 417 167 464 536 505
245: 196 278 532
246: 19 343 280
247: 198 220 140
248: 173 102 586 57
249: 345
250: 293 9 460 6
251: 463
252: 188 122
253: 233
254: 259 538 262
255: 88 306 476 203
256: 409
257: 440 161
258: 58 123 378
259: 563 110 275 276
260: 91 256 271
261: 373
262: 276 275
263: 555 409 79
264: 463 496
265: 214 47
266: 387 267
267: 999
268: 117 451 359 120
269: 166 238 315 115
270: 122 99
271: 79
272: 381
273: 59 184
274: 579 241
275: 88
276: 306
277: 512
278: 463
279: 321 405 159 419 111 189 529 157 301 403 525 520 325 273 81
280: 186
281: 285 379
282: 56 242 254 582
283: 88 366
284: 187
285: 228 432 449 153
286: 199 577
287: 343 280
288: 462
289: 494
290: 154
291: 122 188
292: 999
293: 77
294: 82 479
295: 14 415 325 282 273 525 520 529 157 111 443 425 189 403 301 230 321 405 33 327 320
296: 496 463
297: 428
298: 576 346 48 373 303
299: 556 413 406 466
300: 304 414 578 452
301: 21 438 350
302: 488 92
303: 412 128 453 324 307 105 523 459 45 313 80 142 447
304: 255 66 283
305: 579
306: 294 533 392 554 113 455 361 151 397 32 235 342 510 179
307: 509 456
308: 140 240 198 220
309: 330
310: 431 314
311: 101 344 583
312: 202 482
313: 434 472
314: 553 215 90
315: 48 303
316: 414 530 578 452
317: 363
318: 209 365
319: 445
320: 12 421
321: 323
322: 373 576 48
323: 152 136
324: 543 504
325: 438 21 197
326: 213
327: 332 242 254 582
328: 65 168
329: 485 330
330: 284
331: 123 58 467
332: 262 538 259
333: 134
334: 494 478 206
335: 352 218
336: 396 1 446
337: 118 87
338: 213
339: 410
340: 97
341: 222 54
342: 495
343: 77 574
344: 23
345: 303 576
346: 307 105 523 128 402 412 453 313 80 45 371 142 447 104 260 475 459 422 516 109
347: 562 564
348: 243 349
349: 40 266
350: 383 416 25
351: 39 41 328
352: 365 158
353: 579 436
354: 274
355: 84 542 125 374
356: 999
357: 532 278 71
358: 54 15
359: 335
360: 389 41 328
361: 317 46 401 457
362: 431
363: 517 345 261
364: 319 102 57
365: 999
366: 455 113 554 392 294 533 151 225 361 339 333 32 397 106 490 502 342 235 299 179
367: 511 127
368: 463
369: 999
370: 578 530 304 414 452
371: 433 29 548
372: 127 511
373: 260 142 105 43 307 128 422
374: 462 496 463
375: 314
376: 180 387 267
377: 100 200 289 334
378: 8
379: 432 153
380: 244 207 126 31
381: 436
382: 508
383: 476 366 306
384: 527 86 27
385: 125 542 503
386: 266 376
387: 999
388: 101 583
389: 168
390: 212 531
391: 193 567
392: 470 82 479
393: 241 436
394: 280 19 343
395: 145 424 524
396: 272 382 234
397: 457
398: 568
399: 552 474
400: 244 207
401: 20 69 363
402: 308 471 247 44
403: 341 358
404: 175 547 587 356
405: 537 162
406: 493 223 70 269
407: 208
408: 241
409: 488 251
410: 364 5 418 248
411: 498 420
412: 247 44 308
413: 223 70
414: 283
415: 59 184 323
416: 88 476 203 366
417: 491
418: 57
419: 154 519 377 513
420: 496 463 462
421: 499
422: 29 433 548 390
423: 5 418 248
424: 95 55
425: 59 184 323
426: 77 186 574
427: 279 52 545 295 239
428: 506
429: 541 37 444
430: 30
431: 428 553 90
432: 77
433: 264
434: 61
435: 557 161 440
436: 237 492 163 571 337 584 131 34 2
437: 518 182 426 35 146
438: 25 569 416 383
439: 560 110 563
440: 463
441: 120 117 451
442: 161 440 296
443: 254 56
444: 999
445: 346 48 303
446: 382 30 75 272
447: 509
448: 330
449: 574 77
450: 330 501 485
451: 149 76
452: 83
453: 73 129 16
454: 40
455: 232 177 410
456: 357 98 36
457: 20 249
458: 576 346 48 373 303
459: 247 471
460: 574
461: 440 557
462: 195 336 217 270 252 362 124 24 469 375 310 391 51 291 480 119 191 399
463: 51 291 310 399 119 191 480 270 217 336 195 570 24 469 362 252 124
464: 150
465: 250 507
466: 135 493 70 223
467: 458 18
468: 303 48
469: 446 396
470: 103
471: 28
472: 114 340
473: 527
474: 482 202
475: 434 4
476: 554 294 32 455 361 339
477: 54 222 192 15
478: 306 476 203 366 88
479: 148 515
480: 585
481: 551 482
482: 253 354 85 229
483: 436
484: 241 436
485: 284 487
486: 123 378
487: 187 137 74
488: 462 463
489: 444 514 216
490: 46
491: 489 565 521 185
492: 437
493: 50 238
494: 88 476 203 366 306
495: 486
496: 391 195 375 291 270 336 124 570 24 119
497: 120
498: 462
499: 304 414
500: 421 162
501: 143 284
502: 0 17
503: 496 463
504: 511
505: 526 150
506: 436 241
507: 9 160
508: 241 579
509: 245
510: 423
511: 581 411
512: 328 41
513: 200
514: 999
515: 373 346 48 576
516: 271
517: 576 48 346 303
518: 77 574
519: 100 334 289 62
520: 12 421 537
521: 514 444 216 541
522: 557 296 161
523: 548
524: 546 95
525: 59
526: 565 185
527: 108
528: 436 241
529: 197
530: 534 66 283
531: 463 496 462
532: 496
533: 495 17
534: 203
535: 579 241
536: 491 526
537: 370 561
538: 563 275 276
539: 3 441 497 268
540: 199 348 549
541: 999
542: 463 462
543: 511 407
544: 241
545: 14 273 282 81 290 500 425 443 111 529 403 405 321 33
546: 38 210
547: 999
548: 212 531 107 264
549: 386 349 454 243
550: 457 401 134 46 317
551: 85 116 354 253
552: 572 202 551
553: 506 183
554: 232 410
555: 488 26 92
556: 493 135 223 70 269
557: 462
558: 78 72
559: 348 549
560: 366 476 88
561: 452 414 578 530
562: 580 93
563: 88 366 476 203
564: 145 580 524 93 424
565: 37 514
566: 112 548 433 29
567: 305 483 535
568: 507 250
569: 203
570: 297 314
571: 465 344 568 101
572: 229 116 85
573: 147 353 484 393 138
574: 347 309 204 190 539 64 400 450 68 96 89 181 172
575: 542 84 374 503
576: 371 260 447 402 128 412 516 453
577: 349
578: 66 534 83 255
579: 558 398 337 131 130 227 311 277 163 384
580: 95 546
581: 368 498 420
582: 439 262 538
583: 23 507
584: 360 351
585: 483 305 535
586: 445
587: 999
588: 153 449 228